62 22 1000.0 2.0 overlay
64 22 1000.0 2.0 overlay
71 47 1000.0 2.0 normal
30 22 1000.0 2.0 overlay
75 22 1000.0 2.0 overlay
160 18 1000.0 2.0 overlay
27 23 1000.0 2.0 overlay
62 23 1000.0 2.0 overlay
49 199 1000.0 2.0 overlay
72 23 1000.0 2.0 overlay
41 23 1000.0 2.0 overlay
47 61 1000.0 2.0 overlay
7 39 1000.0 2.0 compute
7 146 1000.0 2.0 compute
161 28 1000.0 2.0 overlay
17 101 1000.0 2.0 compute
68 101 1000.0 2.0 compute
39 101 1000.0 2.0 compute
146 101 1000.0 2.0 compute
47 53 1000.0 2.0 normal
25 129 1000.0 2.0 compute
129 151 1000.0 2.0 compute
129 42 1000.0 2.0 compute
98 129 1000.0 2.0 compute
25 143 1000.0 2.0 compute
143 151 1000.0 2.0 compute
60 48 1000.0 2.0 overlay
42 143 1000.0 2.0 compute
98 143 1000.0 2.0 compute
163 85 1000.0 2.0 overlay
46 39 1000.0 2.0 compute
39 9 1000.0 2.0 compute
37 13 1000.0 2.0 overlay
46 42 1000.0 2.0 compute
42 9 1000.0 2.0 compute
82 48 1000.0 2.0 normal
46 86 1000.0 2.0 compute
46 87 1000.0 2.0 compute
164 78 1000.0 2.0 overlay
88 9 1000.0 2.0 compute
89 9 1000.0 2.0 compute
17 44 1000.0 2.0 compute
17 63 1000.0 2.0 compute
48 70 1000.0 2.0 overlay
25 44 1000.0 2.0 compute
25 63 1000.0 2.0 compute
90 44 1000.0 2.0 compute
44 91 1000.0 2.0 compute
0 63 1000.0 2.0 compute
63 1 1000.0 2.0 compute
48 74 1000.0 2.0 overlay
68 126 1000.0 2.0 compute
140 68 1000.0 2.0 compute
74 165 1000.0 2.0 overlay
98 126 1000.0 2.0 compute
98 140 1000.0 2.0 compute
16 49 1000.0 2.0 overlay
3 126 1000.0 2.0 compute
4 126 1000.0 2.0 compute
50 57 1000.0 2.0 normal
140 5 1000.0 2.0 compute
140 6 1000.0 2.0 compute
166 30 1000.0 2.0 overlay
156 146 1000.0 2.0 compute
162 146 1000.0 2.0 compute
156 151 1000.0 2.0 compute
162 151 1000.0 2.0 compute
59 51 1000.0 2.0 normal
156 115 1000.0 2.0 compute
156 2 1000.0 2.0 compute
162 15 1000.0 2.0 compute
162 112 1000.0 2.0 compute
50 26 1000.0 2.0 overlay
62 73 1000.0 2.0 normal
192 79 1000.0 2.0 normal
75 56 1000.0 2.0 normal
79 80 1000.0 2.0 overlay
79 49 1000.0 2.0 normal
167 49 1000.0 2.0 overlay
79 19 1000.0 2.0 normal
79 22 1000.0 2.0 normal
26 35 1000.0 2.0 overlay
79 23 1000.0 2.0 normal
79 30 1000.0 2.0 normal
77 28 1000.0 2.0 overlay
79 34 1000.0 2.0 normal
79 38 1000.0 2.0 normal
40 168 1000.0 2.0 overlay
79 159 1000.0 2.0 normal
79 74 1000.0 2.0 normal
26 45 1000.0 2.0 overlay
41 79 1000.0 2.0 normal
72 11 1000.0 2.0 overlay
80 81 1000.0 2.0 overlay
79 77 1000.0 2.0 overlay
54 80 1000.0 2.0 overlay
21 80 1000.0 2.0 normal
24 80 1000.0 2.0 overlay
29 80 1000.0 2.0 normal
27 65 1000.0 2.0 overlay
80 32 1000.0 2.0 normal
80 43 1000.0 2.0 normal
81 83 1000.0 2.0 overlay
81 19 1000.0 2.0 normal
169 38 1000.0 2.0 overlay
48 81 1000.0 2.0 normal
27 81 1000.0 2.0 normal
48 28 1000.0 2.0 overlay
54 81 1000.0 2.0 normal
31 81 1000.0 2.0 normal
19 45 1000.0 2.0 overlay
34 81 1000.0 2.0 normal
81 36 1000.0 2.0 normal
72 170 1000.0 2.0 overlay
72 81 1000.0 2.0 normal
81 61 1000.0 2.0 normal
71 29 1000.0 2.0 overlay
43 81 1000.0 2.0 normal
84 83 1000.0 2.0 overlay
21 47 1000.0 2.0 overlay
20 83 1000.0 2.0 overlay
24 83 1000.0 2.0 normal
29 83 1000.0 2.0 normal
65 83 1000.0 2.0 normal
29 51 1000.0 2.0 overlay
31 83 1000.0 2.0 normal
32 83 1000.0 2.0 normal
58 66 1000.0 2.0 normal
70 83 1000.0 2.0 normal
171 49 1000.0 2.0 overlay
67 83 1000.0 2.0 normal
35 83 1000.0 2.0 normal
29 76 1000.0 2.0 overlay
84 52 1000.0 2.0 normal
84 85 1000.0 2.0 overlay
84 20 1000.0 2.0 normal
58 60 1000.0 2.0 normal
172 72 1000.0 2.0 overlay
84 26 1000.0 2.0 normal
84 33 1000.0 2.0 normal
30 173 1000.0 2.0 overlay
84 69 1000.0 2.0 overlay
84 40 1000.0 2.0 normal
84 78 1000.0 2.0 normal
21 85 1000.0 2.0 normal
85 69 1000.0 2.0 normal
85 18 1000.0 2.0 overlay
67 31 1000.0 2.0 overlay
19 23 1000.0 2.0 normal
26 19 1000.0 2.0 normal
173 19 1000.0 2.0 normal
101 78 1000.0 2.0 overlay
36 174 1000.0 2.0 overlay
33 31 1000.0 2.0 overlay
7 17 1000.0 2.0 compute
7 68 1000.0 2.0 compute
37 31 1000.0 2.0 overlay
21 55 1000.0 2.0 overlay
21 56 1000.0 2.0 overlay
21 22 1000.0 2.0 overlay
21 28 1000.0 2.0 overlay
21 82 1000.0 2.0 overlay
31 40 1000.0 2.0 overlay
37 21 1000.0 2.0 overlay
92 49 1000.0 2.0 overlay
47 93 1000.0 2.0 overlay
32 36 1000.0 2.0 overlay
94 18 1000.0 2.0 overlay
95 18 1000.0 2.0 overlay
18 96 1000.0 2.0 overlay
97 48 1000.0 2.0 overlay
33 38 1000.0 2.0 overlay
18 99 1000.0 2.0 overlay
45 100 1000.0 2.0 overlay
102 35 1000.0 2.0 overlay
37 103 1000.0 2.0 overlay
33 51 1000.0 2.0 overlay
104 74 1000.0 2.0 overlay
105 74 1000.0 2.0 overlay
74 106 1000.0 2.0 overlay
107 24 1000.0 2.0 overlay
34 56 1000.0 2.0 overlay
29 108 1000.0 2.0 overlay
34 109 1000.0 2.0 overlay
110 22 1000.0 2.0 overlay
72 111 1000.0 2.0 overlay
34 52 1000.0 2.0 overlay
113 38 1000.0 2.0 overlay
65 12 1000.0 2.0 overlay
114 18 1000.0 2.0 overlay
28 116 1000.0 2.0 overlay
117 35 1000.0 2.0 overlay
50 36 1000.0 2.0 overlay
22 118 1000.0 2.0 overlay
78 119 1000.0 2.0 overlay
120 18 1000.0 2.0 overlay
121 45 1000.0 2.0 overlay
55 36 1000.0 2.0 overlay
122 66 1000.0 2.0 overlay
71 123 1000.0 2.0 overlay
45 124 1000.0 2.0 overlay
125 28 1000.0 2.0 overlay
58 36 1000.0 2.0 overlay
22 127 1000.0 2.0 overlay
71 128 1000.0 2.0 overlay
130 65 1000.0 2.0 overlay
131 70 1000.0 2.0 overlay
64 36 1000.0 2.0 normal
132 18 1000.0 2.0 overlay
133 85 1000.0 2.0 overlay
18 134 1000.0 2.0 overlay
135 81 1000.0 2.0 overlay
37 49 1000.0 2.0 overlay
54 136 1000.0 2.0 overlay
47 137 1000.0 2.0 overlay
138 61 1000.0 2.0 overlay
71 139 1000.0 2.0 overlay
37 159 1000.0 2.0 overlay
141 61 1000.0 2.0 overlay
142 18 1000.0 2.0 overlay
54 144 1000.0 2.0 overlay
145 49 1000.0 2.0 overlay
37 57 1000.0 2.0 overlay
76 147 1000.0 2.0 overlay
84 148 1000.0 2.0 overlay
50 149 1000.0 2.0 overlay
64 150 1000.0 2.0 overlay
192 159 1000.0 2.0 overlay
152 61 1000.0 2.0 overlay
153 30 1000.0 2.0 overlay
8 55 1000.0 2.0 overlay
66 154 1000.0 2.0 overlay
155 71 1000.0 2.0 overlay
159 53 1000.0 2.0 overlay
18 157 1000.0 2.0 overlay
40 158 1000.0 2.0 overlay
41 143 1000.0 2.0 overlay
192 115 1000.0 2.0 overlay
21 143 1000.0 2.0 overlay
56 15 1000.0 2.0 overlay
58 159 1000.0 2.0 normal
60 39 1000.0 2.0 overlay
48 9 1000.0 2.0 overlay
159 15 1000.0 2.0 overlay
15 70 1000.0 2.0 overlay
68 19 1000.0 2.0 overlay
25 23 1000.0 2.0 overlay
59 159 1000.0 2.0 overlay
140 40 1000.0 2.0 overlay
81 126 1000.0 2.0 overlay
140 52 1000.0 2.0 overlay
86 83 1000.0 2.0 overlay
140 57 1000.0 2.0 overlay
156 77 1000.0 2.0 overlay
76 159 1000.0 2.0 normal
50 162 1000.0 2.0 overlay
89 80 1000.0 2.0 overlay
89 76 1000.0 2.0 overlay
10 192 1000.0 2.0 overlay
159 90 1000.0 2.0 overlay
175 49 1000.0 2.0 overlay
176 18 1000.0 2.0 overlay
47 43 1000.0 2.0 overlay
71 177 1000.0 2.0 overlay
66 178 1000.0 2.0 overlay
179 18 1000.0 2.0 overlay
62 180 1000.0 2.0 overlay
55 181 1000.0 2.0 overlay
21 182 1000.0 2.0 overlay
43 66 1000.0 2.0 overlay
183 48 1000.0 2.0 overlay
184 61 1000.0 2.0 overlay
18 185 1000.0 2.0 overlay
79 186 1000.0 2.0 overlay
187 18 1000.0 2.0 overlay
188 61 1000.0 2.0 overlay
43 78 1000.0 2.0 overlay
26 189 1000.0 2.0 overlay
14 66 1000.0 2.0 overlay
50 190 1000.0 2.0 overlay
191 73 1000.0 2.0 overlay
193 49 1000.0 2.0 overlay
52 194 1000.0 2.0 overlay
18 195 1000.0 2.0 overlay
192 73 1000.0 2.0 overlay
196 18 1000.0 2.0 overlay
33 197 1000.0 2.0 overlay
198 74 1000.0 2.0 overlay
